%YAML:1.0
---
image_width: 2448
image_height: 2048
camera_name: rightCamera
camera_matrix: !!opencv-matrix
   rows: 3
   cols: 3
   dt: d
   data: [ 4.6376811594202909e+03, 0., 1224., 0., 3.8798901202993279e+03,
       1024., 0., 0., 1. ]
distortion_model: plumb_bob
distortion_coefficients: !!opencv-matrix
   rows: 5
   cols: 1
   dt: i
   data: [ 0, 0, 0, 0, 0 ]
rectification_matrix: !!opencv-matrix
   rows: 3
   cols: 3
   dt: i
   data: [ 1, 0, 0, 0, 1, 0, 0, 0, 1 ]
projection_matrix: !!opencv-matrix
   rows: 3
   cols: 4
   dt: d
   data: [ 4.6376811594202909e+03, 0., 1224., -2.9999999999999999e-01,
       0., 3.8798901202993279e+03, 1024., 0., 0., 0., 1., 0. ]
rms_error: ""
