<?xml version="1.0"?>
<opencv_storage>
<cameraMatrix type_id="opencv-matrix">
  <rows>3</rows>
  <cols>3</cols>
  <dt>d</dt>
  <data>
    7.1887322974569349e+02 0. 3.8773892163428008e+02 0.
    7.1897575838531714e+02 2.1933382266891792e+02 0. 0. 1.</data></cameraMatrix>
<distCoeffs type_id="opencv-matrix">
  <rows>1</rows>
  <cols>5</cols>
  <dt>d</dt>
  <data>
    6.9132524301287232e-02 -3.0496822292185439e-02
    -8.6016099737275375e-05 3.1949840164687319e-04
    -2.0403666198312820e-01</data></distCoeffs>
<rms_error>7.6987874603320169e-02</rms_error>
</opencv_storage>
