%YAML:1.0
---
image_width: 2448
image_height: 2048
camera_name: rightCamera
camera_matrix: !!opencv-matrix
   rows: 3
   cols: 3
   dt: d
   data: [ 2.3356288994586030e+03, 0., 1.2521930505755781e+03, 0.,
       2.3363574406701923e+03, 1.0048770110685483e+03, 0., 0., 1. ]
distortion_model: plumb_bob
distortion_coefficients: !!opencv-matrix
   rows: 1
   cols: 5
   dt: d
   data: [ -9.0120515321067032e-02, 1.3834820727447467e-01,
       6.7587723600187285e-04, 8.0328076116497856e-04,
       -9.3712469718870525e-02 ]
rectification_matrix: !!opencv-matrix
   rows: 3
   cols: 3
   dt: d
   data: [ 9.8563642353713443e-01, -3.4394699522631621e-03,
       -1.6884611527474977e-01, 2.9210940482435380e-03,
       9.9999022765397183e-01, -3.3184041524114182e-03,
       1.6885587880345751e-01, 2.7775246182354524e-03,
       9.8563683857215234e-01 ]
projection_matrix: !!opencv-matrix
   rows: 3
   cols: 4
   dt: d
   data: [ 2.3331097082456945e+03, 0., 1.7759269561767578e+03,
       -6.7804767501146785e+02, 0., 2.3331097082456945e+03,
       1.0020123443603516e+03, 0., 0., 0., 1., 0. ]
