%YAML:1.0
---
image_width: 752
image_height: 480
camera_name: leftCamera
camera_matrix: !!opencv-matrix
   rows: 3
   cols: 3
   dt: d
   data: [ 7.1540146668536045e+02, 0., 3.7060209329041010e+02, 0.,
       7.1522158973264243e+02, 2.2182043945280429e+02, 0., 0., 1. ]
distortion_model: plumb_bob
distortion_coefficients: !!opencv-matrix
   rows: 1
   cols: 5
   dt: d
   data: [ 6.2970423804440914e-02, 6.1121357488368937e-02,
       -3.8174803153613563e-04, 5.3108425488532945e-04,
       -4.2663583441775782e-01 ]
rectification_matrix: !!opencv-matrix
   rows: 3
   cols: 3
   dt: d
   data: [ 9.9995604026737073e-01, -4.0400689284723597e-03,-8.4614050756194777e-03, 
       4.0522011165714470e-03,9.9999078559987198e-01, 1.4171737584881064e-03,
       8.4556016291795766e-03, -1.4513987750037539e-03,9.9996319744412832e-01 ]
projection_matrix: !!opencv-matrix
   rows: 3
   cols: 4
   dt: d
   data: [ 7.1577767487195626e+02, 0., 3.7854927062988281e+02, 0., 0.,
       7.1577767487195626e+02, 2.2449559402465820e+02, 0., 0., 0., 1.,
       0. ]
