%YAML:1.0
---
image_width: 2448
image_height: 2048
camera_name: leftCamera
camera_matrix: !!opencv-matrix
   rows: 3
   cols: 3
   dt: d
   data: [ 2.3298732220900856e+03, 0., 1.2393506630041577e+03, 0.,
       2.3298619758211962e+03, 9.9542348208892031e+02, 0., 0., 1. ]
distortion_model: plumb_bob
distortion_coefficients: !!opencv-matrix
   rows: 1
   cols: 5
   dt: d
   data: [ -8.0164639746174396e-02, 5.1998017510871027e-02,
       1.4836882950306294e-03, -1.4735899075798762e-03,
       1.2060286104849348e-01 ]
rectification_matrix: !!opencv-matrix
   rows: 3
   cols: 3
   dt: d
   data: [ 9.9202187574308642e-01, -2.7245481391886079e-03,
       1.2603640301359517e-01, 2.3303985585408282e-03,
       9.9999192306065521e-01, 3.2746077644041582e-03,
       -1.2604430685170390e-01, -2.9547674848605355e-03,
       9.9202021252562389e-01 ]
projection_matrix: !!opencv-matrix
   rows: 3
   cols: 4
   dt: d
   data: [ 2.3331097082456945e+03, 0., 8.5386428833007813e+02, 0., 0.,
       2.3331097082456945e+03, 1.0020123443603516e+03, 0., 0., 0., 1.,
       0. ]
