<?xml version="1.0"?>
<opencv_storage>
<cameraMatrix type_id="opencv-matrix">
  <rows>3</rows>
  <cols>3</cols>
  <dt>d</dt>
  <data>
    7.2205091288190272e+02 0. 3.8299753068282689e+02 0.
    7.2230636150884402e+02 2.3071212593072232e+02 0. 0. 1.</data></cameraMatrix>
<distCoeffs type_id="opencv-matrix">
  <rows>1</rows>
  <cols>5</cols>
  <dt>d</dt>
  <data>
    7.7288105136141733e-02 -9.5275546216914489e-02
    1.0243286417384546e-03 2.2226064231902672e-04
    -8.3458901885003507e-03</data></distCoeffs>
<rms_error>8.5689919800667674e-02</rms_error>
</opencv_storage>
