<?xml version="1.0"?>
<opencv_storage>
<R type_id="opencv-matrix">
  <rows>3</rows>
  <cols>3</cols>
  <dt>d</dt>
  <data>
    9.9999261440726495e-01 -1.6727045839679600e-03
    -3.4602298041924960e-03 1.6726084373529793e-03
    9.9999860071890290e-01 -3.0679822383388854e-05
    3.4602762806378758e-03 2.4891986229021463e-05 9.9999401291630274e-01</data></R>
<T type_id="opencv-matrix">
  <rows>3</rows>
  <cols>1</cols>
  <dt>d</dt>
  <data>
    -6.0735121297239042e-02 5.5809702956884556e-05
    -3.7807243688818868e-04</data></T>
<Q type_id="opencv-matrix">
  <rows>4</rows>
  <cols>4</cols>
  <dt>d</dt>
  <data>
    1. 0. 0. -3.8051521301269531e+02 0. 1. 0. -2.2530366706848145e+02 0.
    0. 0. 7.2064105994708052e+02 0. 0. 1.6464611942871443e+01
    3.1972916736076439e+01</data></Q>
<E type_id="opencv-matrix">
  <rows>3</rows>
  <cols>3</cols>
  <dt>d</dt>
  <data>
    8.2548413924093930e-07 3.7807329707293183e-04 5.5797769624310050e-05
    -1.6790934497264493e-04 2.1442213012036329e-06
    6.0736065888498732e-02 -1.5739536709456650e-04
    -6.0734942958585919e-02 2.0564571313674134e-06</data></E>
<F type_id="opencv-matrix">
  <rows>3</rows>
  <cols>3</cols>
  <dt>d</dt>
  <data>
    1.6483187341624395e-09 7.5466611053898670e-07
    -9.4293578214860012e-05 -3.3523194163615194e-07
    4.2794357728133962e-09 8.7683222512018016e-02
    -1.5304287859103493e-04 -8.7444031796082178e-02 1.</data></F>
<rms_error>9.2447152700631391e-02</rms_error>
</opencv_storage>
