%YAML:1.0
---
image_width: 752
image_height: 480
camera_name: rightCamera
camera_matrix: !!opencv-matrix
   rows: 3
   cols: 3
   dt: d
   data: [ 7.1669458109639629e+02, 0., 3.8445089342554519e+02, 0.,
       7.1633376001127010e+02, 2.2700933147122512e+02, 0., 0., 1. ]
distortion_model: plumb_bob
distortion_coefficients: !!opencv-matrix
   rows: 1
   cols: 5
   dt: d
   data: [ 4.8361600780188023e-02, 1.6448989166797665e-01,
       1.8096418418179227e-03, -6.4501080734251468e-04,
       -6.5092460898046578e-01 ]
rectification_matrix: !!opencv-matrix
   rows: 3
   cols: 3
   dt: d
   data: [ 9.9998174722267041e-01, 3.3538772531898175e-03,
       -5.0256073131127697e-03, -3.3610704205560170e-03,
       9.9999333834534054e-01, -1.4235415587639099e-03,
       5.0207994505995111e-03, 1.4404069952622810e-03,
       9.9998635830723470e-01 ]
projection_matrix: !!opencv-matrix
   rows: 3
   cols: 4
   dt: d
   data: [ 7.1577767487195626e+02, 0., 3.8902434539794922e+02,
       -4.2909562691236857e+01, 0., 7.1577767487195626e+02,
       2.2449559402465820e+02, 0., 0., 0., 1., 0. ]
