%YAML:1.0
---
image_width: 752
image_height: 480
camera_name: leftCamera
camera_matrix: !!opencv-matrix
   rows: 3
   cols: 3
   dt: d
   data: [ 7.2167902773522292e+02, 0., 3.8297469019206676e+02, 0.,
       7.2195748653394105e+02, 2.3101318257758379e+02, 0., 0., 1. ]
distortion_model: plumb_bob
distortion_coefficients: !!opencv-matrix
   rows: 1
   cols: 5
   dt: d
   data: [ 7.2204858839733571e-02, -3.8661270150338989e-02,
       1.0690921950126163e-03, 2.8748441234692425e-04,
       -1.4828980477757864e-01 ]
rectification_matrix: !!opencv-matrix
   rows: 3
   cols: 3
   dt: d
   data: [ 9.9999003718816026e-01, -2.4914144119142106e-03,
       -3.7038329673366489e-03, 2.4904702226419876e-03,
       9.9999686510074737e-01, -2.5951251952878945e-04,
       3.7044679094246731e-03, 2.5028564833960232e-04,
       9.9999310711354517e-01 ]
projection_matrix: !!opencv-matrix
   rows: 3
   cols: 4
   dt: d
   data: [ 7.2048548183856610e+02, 0., 3.8751910781860352e+02, 0., 0.,
       7.2048548183856610e+02, 2.2577074432373047e+02, 0., 0., 0., 1.,
       0. ]
rms_error: 9.3674700199493935e-02
