<?xml version="1.0"?>
<opencv_storage>
<R type_id="opencv-matrix">
  <rows>3</rows>
  <cols>3</cols>
  <dt>d</dt>
  <data>
    9.9999316206973099e-01 -1.6904257519459562e-03
    -3.2891145553156291e-03 1.6887519219940137e-03
    9.9999844318456310e-01 -5.1161059021327259e-04
    3.2899742744879790e-03 5.0605259332879419e-04 9.9999445997467706e-01</data></R>
<T type_id="opencv-matrix">
  <rows>3</rows>
  <cols>1</cols>
  <dt>d</dt>
  <data>
    -1.5579239131428335e+00 1.2475556222239427e-03
    6.4674392426957220e-04</data></T>
<Q type_id="opencv-matrix">
  <rows>4</rows>
  <cols>4</cols>
  <dt>d</dt>
  <data>
    1. 0. 0. -3.8751910781860352e+02 0. 1. 0. -2.2577074432373047e+02 0.
    0. 0. 7.2048548183856610e+02 0. 0. 6.4187960963427260e-01 0.</data></Q>
<E type_id="opencv-matrix">
  <rows>3</rows>
  <cols>3</cols>
  <dt>d</dt>
  <data>
    3.0122358579614244e-06 -6.4611158865069882e-04
    1.2478795917750163e-03 5.7722690977292830e-03 7.8729816387037416e-04
    1.5579131549900487e+00 -3.8784940941659863e-03
    -1.5579193788426853e+00 8.0115372606599886e-04</data></E>
<F type_id="opencv-matrix">
  <rows>3</rows>
  <cols>3</cols>
  <dt>d</dt>
  <data>
    2.3286760274999555e-10 -4.9929830221055188e-08
    8.1065722853853269e-05 4.4627901102971763e-07 6.0845938161130232e-08
    8.6740535120233650e-02 -3.1387469901004658e-04
    -8.6565416313470894e-02 1.</data></F>
<rms_error>9.3674700199493935e-02</rms_error>
</opencv_storage>
