<?xml version="1.0"?>
<opencv_storage>
<cameraMatrix type_id="opencv-matrix">
  <rows>3</rows>
  <cols>3</cols>
  <dt>d</dt>
  <data>
    7.1907936342744892e+02 0. 3.8762455335766390e+02 0.
    7.1901347714319127e+02 2.1999426551037473e+02 0. 0. 1.</data></cameraMatrix>
<distCoeffs type_id="opencv-matrix">
  <rows>1</rows>
  <cols>5</cols>
  <dt>d</dt>
  <data>
    6.9600334462093974e-02 -2.8045874148136030e-02
    4.3791941989950671e-06 4.4366332444260333e-04
    -2.2351559528398415e-01</data></distCoeffs>
<rms_error>7.7801906609579016e-02</rms_error>
</opencv_storage>
