<?xml version="1.0"?>
<opencv_storage>
<cameraMatrix type_id="opencv-matrix">
  <rows>3</rows>
  <cols>3</cols>
  <dt>d</dt>
  <data>
    7.2167902773522292e+02 0. 3.8297469019206676e+02 0.
    7.2195748653394105e+02 2.3101318257758379e+02 0. 0. 1.</data></cameraMatrix>
<distCoeffs type_id="opencv-matrix">
  <rows>1</rows>
  <cols>5</cols>
  <dt>d</dt>
  <data>
    7.2204858839733571e-02 -3.8661270150338989e-02
    1.0690921950126163e-03 2.8748441234692425e-04
    -1.4828980477757864e-01</data></distCoeffs>
<rms_error>8.6067432747422096e-02</rms_error>
</opencv_storage>
