%YAML:1.0
---
image_width: 752
image_height: 480
camera_name: rightCamera
camera_matrix: !!opencv-matrix
   rows: 3
   cols: 3
   dt: d
   data: [ 7.1907936342744892e+02, 0., 3.8762455335766390e+02, 0.,
       7.1901347714319127e+02, 2.1999426551037473e+02, 0., 0., 1. ]
distortion_model: plumb_bob
distortion_coefficients: !!opencv-matrix
   rows: 1
   cols: 5
   dt: d
   data: [ 6.9600334462093974e-02, -2.8045874148136030e-02,
       4.3791941989950671e-06, 4.4366332444260333e-04,
       -2.2351559528398415e-01 ]
rectification_matrix: !!opencv-matrix
   rows: 3
   cols: 3
   dt: d
   data: [ 9.9999959320802023e-01, -8.0078051580995092e-04,
       -4.1513173766828909e-04, 8.0088630676900788e-04,
       9.9999964684591924e-01, 2.5473350804136434e-04,
       4.1492760543285711e-04, -2.5506587774201347e-04,
       9.9999988138823304e-01 ]
projection_matrix: !!opencv-matrix
   rows: 3
   cols: 4
   dt: d
   data: [ 7.2048548183856610e+02, 0., 3.8751910781860352e+02,
       -1.1224620178370851e+03, 0., 7.2048548183856610e+02,
       2.2577074432373047e+02, 0., 0., 0., 1., 0. ]
rms_error: 9.3674700199493935e-02
